time,x,y,z,phi,theta,psi,x_velocity,y_velocity,z_velocity,phi_velocity,theta_velocity,psi_velocity,rotor_speed1,rotor_speed2,rotor_speed3,rotor_speed4
0.02,0.0,0.0,10.005343582879402,0.5831443031677548,1.0056812733694187e-06,0.0,0.0,0.0,0.5343582879401705,3.7057602756647228,-0.0014182251395356224,0.0,480.21751778533445,479.92563498040414,480.0216089665056,479.8038303740995
0.04,-7.3425462638859935e-09,0.004020016603302782,10.020163422101733,1.0020438061287038,6.283159986740603,0.0,-7.342546263885993e-07,0.40200166033027823,0.9476256342931002,7.346630942037601,-0.003437325203543025,0.0,480.21751778533445,479.92563498040414,480.0216089665056,479.8038303740995
0.06,1.627471096684627e-07,0.01820787012691533,10.041085492929351,0.8538903162892097,6.283101265728135,0.0,1.774322021962347e-05,1.0167836920309765,1.1445814484686911,10.80729538647579,-0.007915157626150714,0.0,480.21751778533445,479.92563498040414,480.0216089665056,479.8038303740995
0.08,1.129571285649799e-06,0.04403264172384469,10.066799693644663,6.133307627079322,6.28295387362278,0.0,7.893919737851015e-05,1.5656934676619594,1.4268386230624222,13.989518321174298,-0.01258657008231387,0.0,480.21751778533445,479.92563498040414,480.0216089665056,479.8038303740995
0.1,4.395436253088335e-06,0.07424422047757755,10.10058035773103,4.13100917067468,6.282749705540123,0.0,0.0002476472993653434,1.4554644077113272,1.9512277855743334,16.81833308511748,-0.022339858654812462,0.0,480.21751778533445,479.92563498040414,480.0216089665056,479.8038303740995
0.12000000000000001,1.2508479157388271e-05,0.09729253054228135,10.133656263601928,1.1706959157850783,6.282309562726951,0.0,0.0005636569910646501,0.8493665987590522,1.3563628015154265,19.26230746738405,-0.025987970474729526,0.0,480.21751778533445,479.92563498040414,480.0216089665056,479.8038303740995
0.14,3.0164730839157253e-05,0.1209915120499369,10.161664078462445,3.660540597195485,6.281795438728945,0.0,0.001201968177112248,1.5205315520065035,1.4444186845363738,21.313940247421808,-0.029345175112190015,0.0,480.21751778533445,479.92563498040414,480.0216089665056,479.8038303740995
0.16,6.429844378613813e-05,0.14780143355214154,10.182282998305823,5.496636471753938,6.281210228524095,0.0,0.0022114031175858397,1.16046059821396,0.61747329980145,22.993116872801053,-0.031185445414809897,0.0,480.21751778533445,479.92563498040414,480.0216089665056,479.8038303740995
0.18,0.00012294544080595804,0.16583748977533527,10.197821680356963,0.5801654278230046,6.280593798677497,0.0,0.0036532965843961533,0.643145024105414,0.936394905312545,24.339855099623648,-0.035000956310621924,0.0,480.21751778533445,479.92563498040414,480.0216089665056,479.8038303740995
0.19999999999999998,0.00021490175238339577,0.18269611950009507,10.220684164611848,1.6349096188175691,6.27992048946783,0.0,0.005542334573347619,1.042717948370564,1.3498535201759796,25.40563846316625,-0.04230984357839189,0.0,480.21751778533445,479.92563498040414,480.0216089665056,479.8038303740995
0.21999999999999997,0.00034957062443239897,0.21083268042604947,10.245260730192623,2.4867668926345257,6.2790777853036985,0.0,0.007924552631552702,1.7709381442248766,1.107803037901628,26.23478803297092,-0.04495283712165702,0.0,480.21751778533445,479.92563498040414,480.0216089665056,479.8038303740995
0.23999999999999996,0.0005380703193271989,0.2507162687836866,10.25967203119022,3.214538051743208,6.278183472438695,0.0,0.010925416857927285,2.217420691538834,0.333327061858086,26.87208764610318,-0.04803305705813884,0.0,480.21751778533445,479.92563498040414,480.0216089665056,479.8038303740995
0.25999999999999995,0.0007931174060017879,0.2945537651134947,10.257089259055176,3.8707186530822515,6.27722303928558,0.0,0.014579291809531617,2.1663289414419733,-0.5916042753623699,27.359404480240848,-0.04870831707962969,0.0,480.21751778533445,479.92563498040414,480.0216089665056,479.8038303740995
0.27999999999999997,0.0011282028313866722,0.33303315192129956,10.23784197845761,4.486443999639885,6.276262453508533,0.0,0.018929250728956824,1.681609739338517,-1.333123784394274,27.729640234734703,-0.04349668306643562,0.0,480.21751778533445,479.92563498040414,480.0216089665056,479.8038303740995
0.3,0.0015572441090181454,0.3595646773149666,10.207572291049827,5.080114678315441,6.27540453719444,0.0,0.023974877034190493,0.9715428000281897,-1.6938449563840319,28.00920373013731,-0.038594163869766065,0.0,480.21751778533445,479.92563498040414,480.0216089665056,479.8038303740995
0.32,0.0020933982053074895,0.3721977067476793,10.174344930105354,5.661943294602898,6.274643366937372,0.0,0.02964053259474393,0.29176014324308597,-1.6288911380632503,28.21726401796134,-0.03396533673380585,0.0,480.21751778533445,479.92563498040414,480.0216089665056,479.8038303740995
0.34,0.002748413762388629,0.3737919844949874,10.145726050579368,6.238292564705041,6.27398913234931,0.0,0.035861023113370034,-0.13233236851227953,-1.2329968145353898,28.37220910334915,-0.026884073200444607,0.0,480.21751778533445,479.92563498040414,480.0216089665056,479.8038303740995
0.36000000000000004,0.0035326558744476775,0.37081807122054594,10.126385638197714,0.5293045224543071,6.273470599084266,0.0,0.04256318809253479,-0.165058958931862,-0.7010444236300515,28.488425133756923,-0.02069566484872697,0.0,480.21751778533445,479.92563498040414,480.0216089665056,479.8038303740995
0.38000000000000006,0.0044548152710348855,0.371202052368441,10.116702749463315,1.1028577187087647,6.273067886815294,0.0,0.049652751566185954,0.20345707372136773,-0.26724444980998,28.575427358778118,-0.015962583822064714,0.0,480.21751778533445,479.92563498040414,480.0216089665056,479.8038303740995
0.4000000000000001,0.005521756451153943,0.3817895112745179,10.112690607671652,1.6766240951467744,6.27274978599343,0.0,0.05704136644571976,0.8552888168863211,-0.1339697293561828,28.64262600850335,-0.014445445346520987,0.0,480.21751778533445,479.92563498040414,480.0216089665056,479.8038303740995
0.4200000000000001,0.0067387231109261245,0.406151365340459,10.107278447314448,2.2509027960045156,6.272463358790233,0.0,0.06465529953149832,1.5808965897077907,-0.4072463063642255,28.69603351149075,-0.012217574733646694,0.0,480.21751778533445,479.92563498040414,480.0216089665056,479.8038303740995
0.4400000000000001,0.00810989142778689,0.4434318722807748,10.092594077386112,2.825670573001201,6.272226782423232,0.0,0.07246153215457825,2.147154104323791,-1.0611906864693723,28.73719433672227,-0.008274193526561512,0.0,480.21751778533445,479.92563498040414,480.0216089665056,479.8038303740995
0.46000000000000013,0.00963882102950167,0.4886473753730403,10.062498640696228,3.400855493691438,6.272061299317727,0.0,0.08043142801689968,2.374396204902756,-1.9483529825190868,28.766893964861048,-0.008235077633305523,0.0,480.21751778533445,479.92563498040414,480.0216089665056,479.8038303740995
0.48000000000000015,0.011328469295915742,0.5343017064581324,10.014519231355237,3.976392283134688,6.271899688564076,0.0,0.08853339862450746,2.191036903606448,-2.8495879515800473,28.7868393977232,-0.0057487956640337595,0.0,480.21751778533445,479.92563498040414,480.0216089665056,479.8038303740995
0.5000000000000001,0.013181527983476965,0.572748480107734,9.950619861506027,4.552259963104341,6.271791946781844,0.0,0.09677247013161479,1.6536404613537194,-3.5403490333409406,28.803019139080142,-0.001945078784811451,0.0,480.21751778533445,479.92563498040414,480.0216089665056,479.8038303740995
0.5200000000000001,0.015200039347399179,0.598630000084978,9.876624948850619,5.128409749036923,6.271759124250032,0.0,0.10507866626060663,0.9345115363706793,-3.8591422321999214,28.81639098644537,0.0015417661742819343,0.0,480.21751778533445,479.92563498040414,480.0216089665056,479.8038303740995
0.5400000000000001,0.017384354513763123,0.6106723257998454,9.800368275512398,5.7047887525871825,6.271797353806225,0.0,0.11335285037578773,0.2697210351160544,-3.766525101622351,28.82650867603858,0.005387343557870971,0.0,480.21751778533445,479.92563498040414,480.0216089665056,479.8038303740995
0.5600000000000002,0.019733288075840478,0.6121188086633008,9.729095052055932,6.28133141797624,6.271905936262847,0.0,0.12154050583194785,-0.12507274877051788,-3.360797244024162,28.831507049431075,0.00668008132366443,0.0,480.21751778533445,479.92563498040414,480.0216089665056,479.8038303740995
0.5800000000000002,0.022245154695656306,0.6096039352645021,9.667113201160191,0.5747946277520022,6.272052574492886,0.0,0.12964615614963482,-0.12641459110936418,-2.837387845549915,28.837569386723878,0.011786274341223367,0.0,480.21751778533445,479.92563498040414,480.0216089665056,479.8038303740995
0.6000000000000002,0.02491865345186371,0.6110079743649153,9.614491255679365,1.151555635824912,6.272307202576025,0.0,0.13770371947110532,0.2668185011506806,-2.424806702532748,28.841955806319007,0.01793486707691585,0.0,480.21751778533445,479.92563498040414,480.0216089665056,479.8038303740995
0.6200000000000002,0.027752048599464302,0.6230025222794978,9.567027037149435,1.7283983006624286,6.272677209431215,0.0,0.14563579528895393,0.9326362903075784,-2.321615150460157,28.844619905092173,0.022690813597214487,0.0,480.21751778533445,479.92563498040414,480.0216089665056,479.8038303740995
0.6400000000000002,0.03074129672965581,0.6488585314549035,9.517508999462605,2.3052917787986864,6.273131906802799,0.0,0.15328901773019676,1.6529646272329923,-2.630188618222912,28.8431501878305,0.024018292139910663,0.0,480.21751778533445,479.92563498040414,480.0216089665056,479.8038303740995
0.6600000000000003,0.03387959270308303,0.6872781412104394,9.458106938684832,2.8821549109062623,6.2736150246602165,0.0,0.16054057961252552,2.1889963483205985,-3.310017459554397,28.842643530224684,0.026364358899409742,0.0,480.21751778533445,479.92563498040414,480.0216089665056,479.8038303740995
0.6800000000000003,0.037158918492246125,0.7329034321785763,9.383020124630756,3.459007781891561,6.274142987236937,0.0,0.16739199930378368,2.373532748493101,-4.198663945853184,28.842615932917994,0.027526597026808833,0.0,480.21751778533445,479.92563498040414,480.0216089665056,479.8038303740995
0.7000000000000003,0.040571814827092594,0.7781800434430324,9.29022290305135,4.03586176084179,6.274694754211616,0.0,0.17389763418086346,2.154128377952498,-5.081058212087498,28.84079368602458,0.02595495193806469,0.0,480.21751778533445,479.92563498040414,480.0216089665056,479.8038303740995
0.7200000000000003,0.04411151219843171,0.8156610503952274,9.181979160352174,4.612677760389506,6.275222839087922,0.0,0.18007210295304837,1.59397231726701,-5.743316057829918,28.840292034302752,0.02171565068784016,0.0,480.21751778533445,479.92563498040414,480.0216089665056,479.8038303740995
0.7400000000000003,0.047770878510222756,0.8402976665040272,9.064270100542643,5.189491480676271,6.275657809301713,0.0,0.18586452822605626,0.8696892936129607,-6.027589923123175,28.836322248235675,0.02056917780681954,0.0,480.21751778533445,479.92563498040414,480.0216089665056,479.8038303740995
0.7600000000000003,0.05154204308596358,0.8512590520987319,8.944956942970494,5.76621808492375,6.276071178100086,0.0,0.19125192934802665,0.22644926585751013,-5.903725834091812,28.836886664332514,0.018576570351141092,0.0,480.21751778533445,479.92563498040414,480.0216089665056,479.8038303740995
0.7800000000000004,0.05541689715430598,0.8522818892196758,8.83101987164361,0.059771164161876555,6.276442722741347,0.0,0.19623347748621311,-0.12416555376310928,-5.4899812985964305,28.83574374608396,0.01841387899632663,0.0,480.21751778533445,479.92563498040414,480.0216089665056,479.8038303740995
0.8000000000000004,0.05938859475968308,0.8502171978339256,8.726256747436839,0.6364860415417883,6.2768168416959025,0.0,0.2009362830514973,-0.08230358481190944,-4.986331122080552,28.83581386358844,0.02183188269110099,0.0,480.21751778533445,479.92563498040414,480.0216089665056,479.8038303740995
0.8200000000000004,0.06345257517868172,0.8527859358552492,8.63033439699066,1.213203030352493,6.277256639337839,0.0,0.20546175884836704,0.3391773869442707,-4.605903922537251,28.837006791864642,0.02434583898171804,0.0,480.21751778533445,479.92563498040414,480.0216089665056,479.8038303740995
0.8400000000000004,0.06760480464753912,0.8663639347547727,8.538887610698856,1.7899434438274522,6.277743767142079,0.0,0.2097611880373724,1.0186225030080758,-4.538774706643173,28.83626162387511,0.023696185834011865,0.0,480.21751778533445,479.92563498040414,480.0216089665056,479.8038303740995
0.8600000000000004,0.07183940315428136,0.893848539910899,8.444647801957371,2.3666696975033616,6.27822086798759,0.0,0.2136986626368514,1.7298380126045556,-4.885206167505219,28.837690748367393,0.026216951126991496,0.0,480.21751778533445,479.92563498040414,480.0216089665056,479.8038303740995
0.8800000000000004,0.07614839165165499,0.9334184398374901,8.339933892124623,2.9434236222627153,6.278751056508089,0.0,0.21720018710051156,2.2271519800545576,-5.58618481576964,28.83722215044639,0.029637330625768257,0.0,480.21751778533445,479.92563498040414,480.0216089665056,479.8038303740995
0.9000000000000005,0.0805230848266793,0.9793365173031457,8.219427422642951,3.5201680776655166,6.279344245950757,0.0,0.2202691304019202,2.3646557665110053,-6.464462132397649,28.837379591698525,0.030578425894208866,0.0,480.21751778533445,479.92563498040414,480.0216089665056,479.8038303740995
0.9200000000000005,0.08495533480735848,1.0241149960056528,8.081597882194446,4.096915956950307,6.279958185158625,0.0,0.22295586766599712,2.113192103739692,-7.318491912452865,28.83662136901458,0.03275589689705386,0.0,480.21751778533445,479.92563498040414,480.0216089665056,479.8038303740995
0.9400000000000005,0.08943761297083451,1.0606009086285384,7.928894893057722,4.673648415699221,6.2806138677477374,0.0,0.22527194868160547,1.5353991585488602,-7.951807001219501,28.83687184305326,0.03381858327689196,0.0,480.21751778533445,479.92563498040414,480.0216089665056,479.8038303740995
0.9600000000000005,0.09396155927310648,1.084036904028358,7.76732605125594,5.2503861790315085,6.2812902399313515,0.0,0.2271226815455916,0.8082003814330981,-8.205077178958678,28.837679891595798,0.033786393975573106,0.0,480.21751778533445,479.92563498040414,480.0216089665056,479.8038303740995
0.9800000000000005,0.09851716333593971,1.0940263324994874,7.604716276071548,5.827141150999001,6.281967286256265,0.0,0.2284377247377322,0.1907424656798402,-8.055900339480576,28.83933768264299,0.035410244584864345,0.0,480.21751778533445,479.92563498040414,480.0216089665056,479.8038303740995
1.0000000000000004,0.10309392663546134,1.0948076011074697,7.447703947507291,0.12074524866039482,6.282675532579244,0.0,0.22923860521443057,-0.11261560488160766,-7.645332516945109,28.837034993727787,0.03569810316682919,0.0,480.21751778533445,479.92563498040414,480.0216089665056,479.8038303740995
1.0200000000000005,0.10768189219754712,1.0933647575913532,7.299531100392241,0.6974878208890178,0.0002044141328969573,0.0,0.22955795099414794,-0.03166874673004051,-7.17195219455982,28.838970118564795,0.03637140830139373,0.0,480.21751778533445,479.92563498040414,480.0216089665056,479.8038303740995
1.0400000000000005,0.11227138299412477,1.0971622421687688,7.159564688982758,1.2742672265905384,0.0009319162782777113,0.0,0.22939112866361794,0.4114172044716062,-6.824688946388473,28.839051730139072,0.03675606230815861,0.0,480.21751778533445,479.92563498040414,480.0216089665056,479.8038303740995
1.0600000000000005,0.11685218459536709,1.1122974893817,7.023427298404476,1.8510489849535148,0.0016713023061827315,0.0,0.22868903146061484,1.1021075168215055,-6.789050111439819,28.837848600723145,0.033835520665990534,0.0,480.21751778533445,479.92563498040414,480.0216089665056,479.8038303740995
1.0800000000000005,0.12141364562376128,1.141330181246771,6.8838535018965095,2.427807864785276,0.0023564774250628417,0.0,0.22745707137880544,1.8011616696856256,-7.168329539356871,28.83980196566484,0.02972098410399823,0.0,480.21751778533445,479.92563498040414,480.0216089665056,479.8038303740995
1.1000000000000005,0.12594631173789392,1.1818946351682234,6.733358157617501,3.0046040761839983,0.0029582406530019867,0.0,0.2258095400344583,2.2552837224596076,-7.8812048885439046,28.839215304902506,0.025888609941946084,0.0,480.21751778533445,479.92563498040414,480.0216089665056,479.8038303740995
1.1200000000000006,0.1304425201771525,1.227915754430508,6.56717549478443,3.5813919492137245,0.0034899159664147916,0.0,0.22381130389140147,2.346828203768852,-8.737061394763229,28.836544375597065,0.020615448731832978,0.0,480.21751778533445,479.92563498040414,480.0216089665056,479.8038303740995
1.1400000000000006,0.13489459500598538,1.2720788760242434,6.384216846556674,4.158124028362554,0.0039348324487455955,0.0,0.2213961789918883,2.0694839556047016,-9.558803428012432,28.83500059006292,0.012539867304540011,0.0,480.21751778533445,479.92563498040414,480.0216089665056,479.8038303740995
1.1600000000000006,0.13929393708720408,1.3075471240036336,6.186963509557188,4.734827751609014,0.004194032099433365,0.0,0.21853802912998202,1.4773408423343088,-10.166530271936159,28.832276091870213,0.008440524772670287,0.0,480.21751778533445,479.92563498040414,480.0216089665056,479.8038303740995
1.1800000000000006,0.14365440346979944,1.3346776858411855,5.981262777761491,5.895431066369667,0.5902942387735948,0.0,0.21750860912955222,1.2357153414208766,-10.403542907633545,25.12629630236708,3.714952821624873,0.0,480.21751778533445,479.92563498040414,480.0216089665056,479.8038303740995
1.2000000000000006,0.1443032824338375,1.357361231359199,5.776109310844805,0.336205568291021,0.6664619947805317,0.0,-0.15262071272574657,1.0326392103804678,-10.111803784035011,25.79177940967124,3.653818550149056,0.0,480.21751778533445,479.92563498040414,480.0216089665056,479.8038303740995
1.2200000000000006,0.13692293495689656,1.3796692421836305,5.576901266337873,1.1238342657592977,0.7416139607697216,0.0,-0.5854140349683463,1.1981618720626868,-9.809000666658186,26.52906240727101,3.589388821200245,0.0,480.21751778533445,479.92563498040414,480.0216089665056,479.8038303740995
1.2400000000000007,0.1202833300010775,1.4082766382342573,5.381423125294005,1.8138173408673754,0.8152222816554024,0.0,-1.078546460613561,1.662577732999985,-9.738813437728611,27.09368941151834,3.5290473849946715,0.0,480.21751778533445,479.92563498040414,480.0216089665056,479.8038303740995
1.2600000000000007,0.09346957151341126,1.446383422189603,5.183861394995459,2.448532628299322,0.88722771215419,0.0,-1.6028293881530633,2.1481006625345973,-10.017359592125995,27.524598912925722,3.4756716826780836,0.0,480.21751778533445,479.92563498040414,480.0216089665056,479.8038303740995
1.2800000000000007,0.05601817272960947,1.4920963579870428,4.978398691731715,3.0513802089071653,0.9580643640088402,0.0,-2.1423104902271164,2.4231929172093714,-10.52891073424842,27.848190020187122,3.424228156339223,0.0,480.21751778533445,479.92563498040414,480.0216089665056,479.8038303740995
1.3000000000000007,0.007552363464690189,1.540897660271665,4.762235344613284,3.6383606722785498,1.0278148396415467,0.0,-2.704270436264811,2.4569373112528705,-11.087423977594637,28.093207011302603,3.3739109126563323,0.0,480.21751778533445,479.92563498040414,480.0216089665056,479.8038303740995
1.3200000000000007,-0.05248730249159488,1.5886318991441684,4.535410397797317,4.217235248946009,1.0964885141940366,0.0,-3.2996961593636964,2.316486575997449,-11.595070704002078,28.277654491314706,3.325013953663713,0.0,480.21751778533445,479.92563498040414,480.0216089665056,479.8038303740995
1.3400000000000007,-0.12480316787016028,1.63239033236213,4.299504464885138,4.792249502916572,1.164311513548637,0.0,-3.9318903784928434,2.0593567457987283,-11.995522587215742,28.41521294539347,3.2735801071941695,0.0,480.21751778533445,479.92563498040414,480.0216089665056,479.8038303740995
1.3600000000000008,-0.21012378683600189,1.6707511731936,4.057229840925845,5.365466258944696,1.2310296135179106,0.0,-4.600171518091315,1.776727337348273,-12.231939808713538,28.51433405434867,3.2236501998161287,0.0,480.21751778533445,479.92563498040414,480.0216089665056,479.8038303740995
1.3800000000000008,-0.309137930876524,1.7044831717489881,3.8115852764613374,5.93859533772638,1.2967478067088694,0.0,-5.3012428859608995,1.5964725181905355,-12.33251663773724,28.589731636467857,3.1737465086773753,0.0,480.21751778533445,479.92563498040414,480.0216089665056,479.8038303740995
1.4000000000000008,-0.42236848925964116,1.735970637044265,3.5641098328773415,0.228716741281076,1.3612184848665132,0.0,-6.021812952350812,1.5522740113371274,-12.41502772066233,28.64472396329488,3.129120328377105,0.0,480.21751778533445,479.92563498040414,480.0216089665056,479.8038303740995
1.4200000000000008,-0.5499845697475448,1.767110920218733,3.314626385484675,0.802575248610288,1.4246125674974817,0.0,-6.739795096439555,1.5617543061096786,-12.533317018604354,28.6886335992149,3.088829484170863,0.0,480.21751778533445,479.92563498040414,480.0216089665056,479.8038303740995
1.4400000000000008,-0.6917527817873327,1.798529329359602,3.06281383778602,1.3767848521832544,1.4871766721054316,0.0,-7.437026107539234,1.5800866079772393,-12.647937751261152,28.71819477607473,3.049142838443797,0.0,480.21751778533445,479.92563498040414,480.0216089665056,479.8038303740995
1.4600000000000009,-0.8472496238853219,1.8305362726865069,2.808714782568566,1.951439527376456,1.548825751730151,0.0,-8.112658102259687,1.6206077247132489,-12.76196777048427,28.74231031760737,3.012640157560254,0.0,480.21751778533445,479.92563498040414,480.0216089665056,479.8038303740995
1.4800000000000009,-1.016144502801899,1.863141654646984,2.552049668577767,2.526447713184318,1.6096972409686465,0.0,-8.776829789398008,1.6399304713344525,-12.904543628595654,28.76030917622196,2.9774638562398774,0.0,480.21751778533445,479.92563498040414,480.0216089665056,479.8038303740995
1.5000000000000009,-1.1982795164603621,1.895566000507843,2.2928175876420585,3.10175630968533,1.6698267020863362,0.0,-9.436671576448298,1.6025041147514585,-13.018664464975203,28.774620918014808,2.9433996817190664,0.0,480.21751778533445,479.92563498040414,480.0216089665056,479.8038303740995
1.520000000000001,-1.3935564013080117,1.9275604346263002,2.0320110566381584,3.677307712142756,1.7293370462713096,0.0,-10.091016908316668,1.5969392970942728,-13.061988635414803,28.78548223442947,2.9075569544067608,0.0,480.21751778533445,479.92563498040414,480.0216089665056,479.8038303740995
1.540000000000001,-1.6018211219272607,1.9606041096936198,1.7701001128088432,4.253040812415865,1.7880923548300824,0.0,-10.735455153608232,1.7074282096376816,-13.12910574751673,28.792331407301884,2.8727957843850795,0.0,480.21751778533445,479.92563498040414,480.0216089665056,479.8038303740995
1.560000000000001,-1.822750362340669,1.9964717600770208,1.505618062405982,4.82891238330599,1.8461733402746567,0.0,-11.35746888773259,1.8793368287024081,-13.319099292769378,28.799394373263457,2.837438472358468,0.0,480.21751778533445,479.92563498040414,480.0216089665056,479.8038303740995
1.580000000000001,-2.0556081945361937,2.0355720681540324,1.2363293622860638,5.404922908316475,1.903490201403443,0.0,-11.928314331819875,2.03069397899873,-13.609770719222459,28.806123049985686,2.803731153223961,0.0,480.21751778533445,479.92563498040414,480.0216089665056,479.8038303740995
1.600000000000001,-2.2990534984227065,2.077364375596711,0.960701392836405,5.9810574970869705,1.9601153417529922,0.0,-12.416216056831406,2.1485367652691107,-13.953026225743429,28.811048041514937,2.7705493122542273,0.0,480.21751778533445,479.92563498040414,480.0216089665056,479.8038303740995
1.620000000000001,-2.55147486057442,2.1209137471463797,0.677755512688454,0.27411203421743124,2.0162389792619457,0.0,-12.825920158339962,2.2064003896977873,-14.341561789051669,28.817193524367973,2.7327961332127564,0.0,480.21751778533445,479.92563498040414,480.0216089665056,479.8038303740995
1.640000000000001,-2.8118736371240582,2.16432861933594,0.3870263434958642,0.8504625598032227,2.0715670802738995,0.0,-13.213957496623873,2.1350868292582232,-14.731355130207316,28.82084183861756,2.6961306631435242,0.0,480.21751778533445,479.92563498040414,480.0216089665056,479.8038303740995
1.660000000000001,-3.080500143669463,2.2047770593846088,0.08939296340404958,1.4268794222137515,2.1261968082662577,0.0,-13.648693157916558,1.90975717560864,-15.031982878974144,28.821068281448692,2.6585244208561614,0.0,480.21751778533445,479.92563498040414,480.0216089665056,479.8038303740995
1.680000000000001,-3.3584205646212406,2.239531134461311,0.0,2.003300862840243,2.1800527495550615,0.0,-14.143348937261232,1.5656503320615656,-15.17359263003796,28.82145557337335,2.6214986765238635,0.0,480.21751778533445,479.92563498040414,480.0216089665056,479.8038303740995
